data=[  0.    0.0012459
   0.1   0.2165388
   0.2  -0.0199615
   0.3   0.0780137
   0.4   0.2855864
   0.5  -0.14475  
   0.6   0.7066168
   0.7   0.0429439
   0.8   0.5124642
   0.9   0.4182429
   1.    0.6490592
   1.1   0.129777 
   1.2   0.924815 
   1.3   0.7944634
   1.4   0.6037506
   1.5   1.0166373
   1.6   0.8928681
   1.7   1.054854 
   1.8   0.9782748
   1.9   0.8062861
   2.    1.3056743
   2.1   1.0773069
   2.2   0.6501236
   2.3   0.9731003
   2.4   0.8584565
   2.5   0.9889142
   2.6   0.9889787
   2.7   1.2184427
   2.8   0.8206388
   2.9   1.2653028
   3.    1.0580031
   3.1   0.7070601
   3.2   1.0483547
   3.3   0.9353166
   3.4   1.1602148
   3.5   0.7931793
   3.6   0.8584477
   3.7   0.8962213
   3.8   0.6416398
   3.9   0.7773548
   4.    0.6912168
   4.1   0.5578591
   4.2   0.612344 
   4.3   0.4068758
   4.4   0.3363475
   4.5   0.0704551
   4.6   0.4427181
   4.7   0.1640397
   4.8   0.2806008
   4.9  -0.1286281
   5.   -0.2828433
   5.1   0.1187213
   5.2  -0.142489 
   5.3  -0.1752782
   5.4  -0.0037372
   5.5  -0.2665012
   5.6  -0.251578 
   5.7  -1.0273113
   5.8  -0.5249731
   5.9  -0.3628172
   6.   -0.6904769
   6.1  -0.378756 
   6.2  -0.5909725
   6.3  -0.6701821
   6.4  -0.9756709
   6.5  -0.7562441
   6.6  -0.8826768
   6.7  -0.8505543
   6.8  -0.7093993
   6.9  -0.777882 
   7.   -1.1925616
   7.1  -0.9495382
   7.2  -1.0676743
   7.3  -0.9456332
   7.4  -0.9551147
   7.5  -0.9304214
   7.6  -1.0367162
   7.7  -0.9755153
   7.8  -0.9112855
   7.9  -0.9324233
   8.   -1.0258935
   8.1  -0.8766307
   8.2  -0.6400681
   8.3  -0.6832756
   8.4  -0.6872634
   8.5  -0.4367263
   8.6  -0.9688337
   8.7  -0.733886 
   8.8  -0.7876846
   8.9  -0.4265649
   9.   -0.7330488
   9.1  -0.7356144
   9.2  -0.5760671
   9.3  -0.3870637
   9.4  -0.3390342
   9.5   0.0454717
   9.6  -0.1138009
   9.7  -0.1399032
   9.8  -0.1263815
   9.9  -0.0863552
   10.   0.2606427];
t=data(:,1);
y=data(:,2);
